9 0.8796875 0.46015625 0.1140625 0.46015625
9 0.7484375 0.4640625 0.1140625 0.46796875
5 0.25390625 0.4640625 0.1203125 0.45234375
8 0.1203125 0.45625 0.1140625 0.43671875
8 0.1203125 0.37265625 0.1140625 0.26953125
8 0.6203125 0.36484375 0.1140625 0.26953125
8 0.6171875 0.4484375 0.1140625 0.42890625
3 0.4859375 0.440625 0.1140625 0.4046875
8 0.1203125 0.4046875 0.1140625 0.34140625
3 0.4796875 0.4484375 0.1203125 0.4203125
8 0.6171875 0.39296875 0.1140625 0.32578125
3 0.4859375 0.45625 0.10859375 0.44453125
67 0.509375 0.85859375 0.61953125 0.203125