7 0.4859375 0.45703125 0.1140625 0.47265625
8 0.1203125 0.425 0.1140625 0.3859375
8 0.89140625 0.33828125 0.1140625 0.26796875
8 0.1203125 0.3703125 0.1140625 0.27578125
8 0.89140625 0.39765625 0.1140625 0.39375
3 0.75703125 0.425 0.1203125 0.425
8 0.1203125 0.38984375 0.1140625 0.32265625
8 0.89140625 0.3625 0.1140625 0.32265625
3 0.75390625 0.48046875 0.1140625 0.409375
2 0.25390625 0.4328125 0.034375 0.409375
2 0.6203125 0.4171875 0.034375 0.4015625
67 0.51015625 0.8671875 0.62890625 0.25390625